extrinsic
0.9999952 0.0030614152 0.0003939911 0.0
-0.003063812 0.9999758 0.006233443 0.0
-0.00037489846 -0.00623462 0.99998045 0.0
0.0 0.0 0.0 1.0

intrinsic
314.1538391113281 0 256.0
0 314.1538391113281 144.0
0 0 1
