extrinsic
0.99959767 -0.00158663 0.028317409 0.0
0.0013549766 0.9999654 0.008197915 0.0
-0.028329438 -0.008156247 0.9995653 0.0
0.0 0.0 0.0 1.0

intrinsic
313.7046203613281 0 256.0
0 313.7046203613281 144.0
0 0 1
